スライムG
1410	430	460	370	640	260	3570
スライムコロネG
1390	450	560	420	420	510	3750
スライムつむりG
1430	520	380	840	280	500	3950
スライムツリーG
1340	540	550	240	490	680	3840
パールスライムG
1360	410	460	600	490	550	3870
はねスライムG
1320	480	540	330	600	530	3800
バブルスライムG
1400	620	500	490	420	350	3780
ホイミスライムG
1320	600	350	410	630	650	3960
マッシュスライムG
1400	380	520	410	480	510	3700
マンドラG
1360	490	510	440	510	490	3800
ジャングラーF
1390	270	690	380	430	450	3610
スノームF
1370	480	500	580	390	580	3900
スライムカルゴF
1410	470	460	820	210	630	4000
スライムタワーF
1340	390	570	510	490	520	3820
スライムナイトF
1320	410	580	590	470	520	3890
スライムベスF
1480	400	530	350	450	270	3480
たまねぎスライムF
1390	430	510	530	570	220	3650
ドラゴスライムF
1380	460	540	380	550	360	3670
ぶちスライムF
1420	460	460	450	510	370	3670
ボックススライムF
1370	600	470	670	280	650	4040
アラウネE
1280	550	510	370	600	640	3950
エンゼルスライムE
1320	650	350	420	590	670	4000
こんぺいとうE
1280	420	480	490	640	630	3940
ストーンスライムE
1360	380	540	690	400	510	3880
スピンスライムE
1360	450	610	540	420	410	3790
スライムタールE
1340	410	490	380	630	510	3760
ダークスライムE
1340	590	400	420	530	670	3950
ぬかどこスライムE
1390	490	520	470	410	520	3800
メタルスライムE
247	660	610	1200	1110	640	4467
もりもりスライムE
1380	440	580	540	460	320	3720
キングスライムD
1410	350	490	550	370	640	3810
スライムファングD
1400	270	660	400	440	430	3600
スライムブレスD
1370	450	550	420	530	390	3710
石炭つむりD
1390	360	540	640	440	380	3750
ダークキングD
1270	460	560	430	530	750	4000
チョコタワーD
1360	480	470	360	600	480	3750
つららスライムD
1330	560	510	580	410	600	3990
バブルキングD
1450	480	470	500	270	640	3810
ベホマスライムD
1370	610	360	370	530	660	3900
もりもりベスD
1460	460	590	580	250	340	3680
コロネホワイトC
1390	450	510	400	420	630	3800
スライムジョーカーC
1300	660	400	410	570	690	4030
スライムダークC
1290	470	560	450	600	500	3870
スライムフェアリーC
1320	500	510	330	610	550	3820
スライムプディングC
1440	460	630	410	290	430	3660
スライムボーグC
1360	340	590	530	420	570	3810
はぐれメタルC
277	560	550	1200	1000	720	4307
ぶちスライムベスC
1460	460	410	270	600	310	3510
メタルライダーC
1350	300	590	620	500	400	3760
キングジョーカーB
1270	510	530	430	570	680	3990
クイーンスライムB
1360	650	390	350	440	800	3990
クリスタルスライムB
1300	500	500	740	380	700	4120
スライムジェネラルB
1260	580	660	450	460	590	4000
スライムベホマズンB
1410	490	350	570	420	660	3900
タールキングB
1430	370	470	460	400	610	3740
だんごスライムB
1400	380	500	630	430	430	3770
ふうらいスライムB
1340	430	590	260	610	450	3680
メタルキングB
297	510	380	1200	1200	470	4057
ゴールデンスライムA
280	750	430	1200	850	1030	4540
ゴッドライダーA
1270	420	630	590	520	510	3940
スライムエンペラーA
1380	390	580	470	420	520	3760
マスタースライムA
1350	330	480	480	580	570	3790
グランスライムS
1270	450	500	630	480	780	4110
いっかく竜G
1410	280	640	530	450	270	3580
いばらドラゴンG
1360	340	570	610	530	310	3720
コドラG
1360	310	640	480	560	270	3620
ドラゴンキッズG
1430	490	540	350	470	320	3600
はじけドーラG
1410	290	590	670	390	340	3690
はなまきドラゴG
1360	570	630	350	450	380	3740
フェアリードラゴンG
1310	430	460	210	800	500	3710
プテラノドンG
1360	340	580	350	610	390	3630
ポイズンリザードG
1370	430	610	430	420	500	3760
アイアンタートルF
1370	540	410	800	300	660	4080
ウィングスネークF
1350	310	510	360	680	450	3660
クロコマーチF
1390	610	580	270	460	380	3690
シーホースF
1330	360	630	470	510	470	3770
スカイドラゴンF
1340	320	590	530	530	450	3760
スマイルリザードF
1430	330	460	350	620	340	3530
ダッシュランF
1330	340	620	480	610	300	3680
デンデン竜F
1390	280	650	590	430	310	3650
ワイバーンドッグF
1330	330	660	490	520	400	3730
ガメゴンE
1300	370	580	670	400	700	4020
ギガントヒルズE
1390	290	630	620	450	270	3650
ソードドラゴンE
1390	310	580	460	510	390	3640
デンタザウルスE
1350	370	560	690	450	420	3840
毒つぼドラゴンE
1370	340	690	370	460	410	3640
ドラゴンE
1340	280	630	540	510	440	3740
フーセンドラゴンE
1400	300	590	590	410	410	3700
フォレストドラゴE
1410	310	570	610	385	430	3715
リザードマンE
1350	330	570	510	470	580	3810
アックスドラゴンD
1420	330	560	620	420	310	3660
アルゴングレートD
1390	350	650	600	420	250	3660
スノードラゴンD
1330	290	520	600	490	670	3900
せつげんりゅうD
1420	330	600	460	490	250	3550
ドラゴンポップD
1350	600	490	400	550	420	3810
ドラゴンライダーD
1370	310	570	470	530	440	3690
ヘルダイバーD
1350	320	580	630	550	290	3720
メタルドラゴンD
1350	370	560	640	450	470	3840
ライバーンD
1380	340	580	480	510	380	3670
ウルフドラゴンC
1360	310	600	430	600	320	3620
ガメゴンロードC
1280	350	550	660	470	730	4040
キングリザードC
1410	280	680	280	510	320	3480
コアトルC
1350	310	630	470	580	300	3640
シャンタクC
1350	340	580	380	550	520	3720
バザックスC
1400	390	560	660	390	350	3750
バルンバC
1390	290	640	540	440	350	3650
ボボンガーC
1420	320	600	470	440	350	3600
ワニバーンC
1400	330	610	640	410	290	3680
ギガントドラゴンB
1400	270	610	640	420	330	3670
グレイトドラゴンB
1390	270	620	570	450	360	3660
シュプリンガーB
1340	390	580	530	490	480	3810
ハデスナイトB
1280	370	630	430	600	520	3830
バトルレックスB
1320	300	680	480	550	380	3710
フールフールB
1290	500	570	640	390	680	4070
ブラックドラゴンB
1410	290	580	470	470	400	3620
やまたのおろちB
1420	310	550	400	390	630	3700
ランドアーマーB
1370	320	590	690	380	470	3820
アンドレアルA
1330	350	590	510	510	520	3810
カイザードラゴンA
1400	300	520	590	390	590	3790
キングヒドラA
1420	290	520	530	500	360	3620
クームヤーガA
1380	430	550	390	560	340	3650
サラマンダーA
1410	350	630	420	390	450	3650
シルバーナーガA
1340	330	650	310	580	440	3650
ダースドラゴンA
1350	280	560	570	470	590	3820
ひかりの番人A
1430	320	590	610	370	330	3650
メカバーンA
1390	290	580	690	390	420	3760
りゅうおうA
1340	490	500	440	490	630	3890
グレイナルS
1360	280	570	470	500	570	3750
じげんりゅうS
1250	390	580	490	580	700	3990
ドラゴンアビスS
1370	250	590	430	500	560	3700
闇竜バルボロスS
1350	280	590	510	460	610	3800
竜王S
1290	340	610	650	460	610	3960
しんりゅうX
1330	280	620	560	460	580	3830
竜神王X
1340	280	630	650	480	390	3770
おおがらすG
1300	410	560	590	550	480	3890
おおにわとりG
1270	320	540	440	690	600	3860
オニオーンG
1390	620	470	460	330	660	3930
キャタピラーG
1320	400	590	550	500	490	3850
くしざしツインズG
1360	440	560	480	480	460	3780
ズッキーニャG
1320	460	570	560	490	480	3880
テールイーターG
1400	530	580	360	410	430	3710
ナスビナーラG
1350	610	490	440	460	550	3900
ピッキーG
1310	550	590	340	550	490	3830
プチアーノンG
1400	520	520	460	400	480	3780
フロッガーG
1400	340	560	440	505	390	3635
あばれうしどりF
1320	390	620	530	490	480	3830
オクトリーチF
1400	420	600	410	430	410	3670
かまいたちF
1310	570	590	480	500	430	3880
ガルーダF
1270	430	590	560	580	490	3920
キラーコーンF
1280	550	610	380	610	410	3840
サボテンボールF
1370	310	630	490	460	440	3700
タップペンギーF
1330	300	550	550	580	470	3780
どんぐりベビーF
1410	440	590	530	350	410	3730
はさみくわがたF
1390	350	580	720	410	290	3740
ミノーンF
1340	480	560	590	400	550	3920
もみじこぞうF
1350	660	520	330	560	350	3770
イルカちょうちんE
1410	280	480	600	460	500	3730
キメラE
1320	430	570	500	500	550	3870
キラービーE
1360	350	510	350	680	380	3630
ぐんたいガニE
1330	300	570	720	520	380	3820
タコメットE
1370	440	520	660	320	640	3950
デザートランナーE
1370	340	500	530	550	450	3740
デッドペッカーE
1330	370	630	460	540	410	3740
とつげきうおE
1400	320	610	440	500	320	3590
ビーンファイターE
1410	400	530	330	460	550	3680
ヘルボックルE
1320	430	530	500	600	430	3810
メランザーナE
1360	420	560	400	540	440	3720
岩とびあくまD
1190	450	560	510	730	600	4040
うずしおキングD
1370	320	530	590	505	440	3755
エビルアングラーD
1320	410	540	490	510	620	3890
ガマキャノンD
1330	460	550	530	500	490	3860
サンダーフロッグD
1390	390	530	450	460	520	3740
じごくのたまねぎD
1400	410	470	410	540	460	3690
スノーグリフォンD
1320	560	520	270	580	590	3840
ダンジョンえびD
1400	420	590	640	390	280	3720
トドマンD
1410	280	540	530	480	410	3650
ひとくいそうD
1370	340	590	430	470	530	3730
ヘルコンドルD
1410	400	550	470	480	330	3640
アンズーC
1280	430	590	550	600	420	3870
かえんムカデC
1400	330	530	550	460	440	3710
ケセランパセランC
1310	570	470	360	540	710	3960
さそりアーマーC
1350	300	620	670	450	390	3780
じごくのハサミC
1320	340	540	790	430	550	3970
だいおうイカC
1420	300	610	460	490	260	3540
だいおうガマC
1360	360	580	450	510	470	3730
ダンスニードルC
1310	430	580	410	560	540	3830
ブラックベジターC
1340	480	500	400	470	720	3910
レッドシャモC
1260	350	540	500	640	650	3940
アカイライB
1370	320	470	300	540	780	3780
荒野シュリンプB
1400	430	530	680	380	370	3790
スターキメラB
1310	450	570	430	560	520	3840
ニードルフィンB
1310	420	530	380	560	680	3880
ひくいどりB
1310	340	560	490	610	490	3800
ブラッドオックスB
1330	380	630	520	490	440	3790
ブルベリーノB
1390	390	560	440	480	430	3690
ホエールマージB
1420	420	480	560	350	580	3810
ホークブリザードB
1320	400	570	440	550	540	3820
ロックちょうB
1340	400	600	430	540	430	3740
クラーゴンA
1450	320	660	260	420	360	3470
ほうおうA
1320	450	470	370	630	600	3840
メタルスコーピオンA
1290	300	610	680	540	460	3880
ローズバトラーA
1400	420	540	610	250	690	3910
にじくじゃくS
1370	500	590	410	490	350	3710
ロイヤルブルームS
1350	590	450	610	360	680	4040
アントベアG
1380	450	610	380	440	450	3710
いたずらもぐらG
1330	300	630	580	520	400	3760
いっかくうさぎG
1370	350	570	430	540	420	3680
おおきづちG
1390	310	660	520	440	310	3630
おおねずみG
1350	350	570	490	550	420	3730
コサックシープG
1360	320	550	550	460	570	3810
しましまキャットG
1350	480	560	510	450	490	3840
ビッグハットG
1360	360	470	630	485	560	3865
ファーラットG
1420	570	470	360	370	610	3800
ベビーパンサーG
1390	290	590	540	530	270	3610
みみとびねずみG
1360	360	590	370	570	410	3660
ももんじゃG
1340	380	610	600	490	360	3780
イエティF
1340	300	630	530	510	430	3740
オークF
1340	360	600	480	490	520	3790
キャットフライF
1300	370	450	430	700	600	3850
スカルガルーF
1360	450	630	360	450	490	3740
とらおとこF
1340	320	590	620	460	500	3830
ぬすっとウサギF
1330	350	610	430	570	440	3730
ひぐれバットF
1360	430	590	500	430	490	3800
ホークマンF
1310	420	630	430	560	430	3780
ポンポコだぬきF
1350	310	580	590	510	420	3760
ゆめにゅうどうF
1390	460	460	400	480	600	3790
アルミラージE
1310	300	600	480	640	400	3730
エビルハムスターE
1340	350	600	450	560	420	3720
かくとうパンサーE
1350	310	630	440	590	310	3630
グリズリーE
1350	370	610	320	550	490	3690
シャドウベビーE
1340	330	610	390	610	380	3660
ダックスビルE
1380	340	550	520	430	560	3780
トンブレロE
1390	560	440	460	435	570	3855
ねこまどうE
1410	490	350	390	520	640	3800
ビックアイE
1380	490	620	540	300	510	3840
ブラウニーE
1340	320	650	550	490	390	3740
プリズニャンE
1320	310	580	530	530	560	3830
モコモコじゅうE
1350	380	510	540	545	470	3795
あらくれチャッピーD
1390	290	640	380	550	290	3540
ウイングタイガーD
1360	290	550	510	570	420	3700
ガーゴイルD
1340	420	580	510	520	410	3780
キラーパンサーD
1340	300	640	440	580	360	3660
ジラフマスターD
1350	340	580	510	440	610	3830
ソルジャーブルD
1350	330	640	510	490	400	3720
デザートゴーストD
1410	350	640	520	380	350	3650
トロピカキングD
1360	470	630	610	410	300	3780
ベンガルD
1380	300	580	430	480	530	3700
ユニコーンD
1390	580	330	370	520	690	3880
よるのていおうD
1360	430	580	510	430	500	3810
ライノソルジャーD
1320	450	590	630	500	360	3850
アームライオンC
1390	340	570	530	440	450	3720
アバランチャーC
1390	330	610	530	480	300	3640
オークキングC
1400	330	580	410	435	530	3685
キラーピッケルC
1360	300	590	500	580	320	3650
ダンビラムーチョC
1380	300	670	530	460	290	3630
ビッグももんじゃC
1460	310	520	660	380	290	3620
ブラバニクイーンC
1300	330	710	360	570	450	3720
まかいじゅうC
1390	340	620	560	460	280	3650
マムーC
1410	300	620	540	440	300	3610
ムーンフェイスC
1390	300	420	590	500	610	3810
ゲリュオンB
1320	340	620	460	540	500	3780
シャドウパンサーB
1340	310	670	390	580	340	3630
ダークペルシャB
1290	520	500	510	510	690	4020
ダースリカントB
1290	340	640	460	580	500	3810
とうだいタイガーB
1310	370	650	490	540	420	3780
ドンモグーラB
1360	460	590	610	440	330	3790
バッファロンB
1400	290	570	640	480	270	3650
ベロリンマンB
1330	300	590	490	610	390	3710
モヒカントB
1390	300	560	500	500	420	3670
れんごく天馬B
1370	350	560	510	470	500	3760
キャットリベリオA
1240	420	650	430	660	470	3870
キングレオA
1360	320	520	560	450	640	3850
黒竜丸A
1300	400	640	530	570	350	3790
心眼たぬきA
1340	440	560	350	620	390	3700
デスゴーゴンA
1360	280	610	640	460	400	3750
ネンガルA
1350	320	740	330	500	370	3610
魔犬レオパルドA
1310	440	590	530	580	350	3800
ももいろキングS
1420	410	520	570	380	440	3740
からくりエッグG
1370	360	570	520	510	380	3710
ギズモG
1340	430	570	350	510	600	3800
くみひもこぞうG
1320	420	580	390	540	570	3820
シャイニングG
1340	480	590	570	490	330	3800
たけやりへいG
1390	290	580	500	490	410	3660
ドロザラーG
1390	540	440	540	430	520	3860
どろにんぎょうG
1370	460	610	520	480	260	3700
フォンデュG
1370	480	500	400	480	580	3810
メタッピーG
1390	490	470	730	410	360	3850
ランタンこぞうG
1360	460	520	590	430	510	3870
わらいぶくろG
1340	500	460	470	530	590	3890
あばれこまいぬF
1350	400	570	450	480	550	3800
おばけプレートF
1410	260	630	380	470	420	3570
チョコゴーレムF
1410	310	550	630	440	340	3680
とげジョボーF
1340	370	600	470	510	480	3770
ドラムゴートF
1380	460	600	450	410	450	3750
トルトリーナF
1310	470	580	430	630	340	3760
ドロヌーバF
1370	530	600	530	310	540	3880
ひとくいサーベルF
1310	360	600	510	570	450	3800
ひとくいばこF
1370	280	630	590	450	390	3710
ミステリドールF
1320	500	500	530	490	610	3950
メタルハンターF
1330	300	680	540	510	360	3720
いどまじんE
1420	340	530	410	440	530	3670
エンタシスマンE
1380	360	540	560	450	480	3770
おどるほうせきE
1290	490	470	620	530	630	4030
ガチャコッコE
1380	320	530	660	520	300	3710
キラーアンブレラE
1360	360	560	480	460	580	3800
クリオネオンE
1320	430	520	630	450	620	3970
ケミカルゼリーE
1370	530	530	350	450	580	3810
シールドオーガE
1330	380	610	720	450	360	3850
デビルアーマーE
1360	290	610	690	420	420	3790
ばくだんいわE
1350	280	620	780	320	560	3910
ヒートギズモE
1310	420	520	430	570	630	3880
フロストギズモE
1330	420	490	410	540	690	3880
キラーマシンD
1240	350	690	660	540	470	3950
サブナックD
1350	430	570	550	370	640	3910
シーゴーレムD
1380	380	630	590	380	390	3750
しびれだんびらD
1350	320	590	520	470	540	3790
ストーンマンD
1400	330	550	680	390	410	3760
デビルスノーD
1290	450	530	410	590	640	3910
ハニーイーターD
1410	540	420	530	410	530	3840
ひょうがまじんD
1360	370	570	520	440	550	3810
ふくぶくろD
1330	450	590	420	510	510	3810
ブリザードD
1350	390	580	500	520	410	3750
フレイムD
1330	410	560	550	500	500	3850
ようがんまじんD
1350	370	580	530	450	540	3820
うごくせきぞうC
1370	290	580	680	420	450	3790
王のはかもりC
1310	500	460	630	450	710	4060
スウィートバッグC
1300	460	490	430	630	570	3880
デスソーサーC
1390	280	620	400	480	460	3630
なげきムーンC
1340	530	540	520	390	630	3950
ブリザードマンC
1370	480	510	440	500	480	3780
ほのおのせんしC
1360	450	540	380	500	550	3780
ホワイトビートC
1370	510	590	500	420	390	3780
ミミックC
1310	360	610	590	520	450	3840
メガザルロックC
1390	460	440	640	400	560	3890
ルバンカC
1350	530	420	460	500	670	3930
からくりだいみょうB
1360	370	580	450	440	600	3800
ギャスモンB
1400	490	470	300	420	730	3810
グレイトボンバーB
1410	340	560	590	430	350	3680
ゴールデンゴーレムB
1350	280	590	680	460	440	3800
ゴーレムB
1370	280	630	690	400	390	3760
サタンメイルB
1320	440	580	670	420	510	3940
ジェリーマンB
1420	460	380	330	580	510	3680
スノーホムンクルスB
1410	430	540	610	390	360	3740
デスホールB
1410	330	510	470	440	560	3720
デュランダルB
1290	330	580	620	530	570	3920
ヘルシーサーB
1350	400	600	450	460	530	3790
キラーマシン2A
1280	370	670	560	580	350	3810
SキラーマシンA
1230	360	580	710	590	570	4040
てんのもんばんA
1440	330	550	680	380	270	3650
パンドラボックスA
1420	340	430	610	560	290	3650
キラーマジンガS
1370	290	630	650	500	220	3660
おおめだまG
1340	420	560	520	500	480	3820
グレムリンG
1360	650	450	270	500	640	3870
シールドこぞうG
1350	340	550	670	450	490	3850
ドラキーG
1290	430	490	420	750	410	3790
ドルイドG
1320	490	410	590	520	680	4010
ピクシーG
1380	330	590	430	530	380	3640
ベビーマジシャンG
1370	420	430	570	480	610	3880
メーダG
1390	440	530	350	460	570	3740
モーモンG
1300	500	440	470	680	490	3880
リップスG
1420	630	490	510	370	360	3780
リリパットG
1410	460	520	500	460	340	3690
おにこぞうF
1330	410	590	520	490	490	3830
くものきょじんF
1390	400	560	470	460	430	3710
くらやみハーピーF
1310	490	510	390	600	560	3860
ごろつきF
1400	330	580	510	500	300	3620
コンジャラーF
1310	550	520	550	460	600	3990
シーメーダF
1310	580	360	360	690	620	3920
デザートデーモンF
1360	350	590	500	460	510	3770
びっくりサタンF
1350	460	410	560	540	580	3900
ベビーサタンF
1300	290	570	520	540	670	3890
マーマンF
1340	360	570	600	520	400	3790
ランドセーラーF
1360	430	690	380	460	350	3670
オーガーE
1370	360	670	390	460	410	3660
きめんどうしE
1350	490	470	460	460	690	3920
サイクロプスE
1430	310	650	510	380	300	3580
サタンフーラーE
1340	490	530	410	460	660	3890
スイーツまじんE
1350	530	610	340	420	570	3820
スペクテットE
1390	360	660	470	400	390	3670
どくやずきんE
1300	400	610	440	550	540	3840
ひとつめピエロE
1330	560	490	350	530	630	3890
ベレスE
1360	390	510	380	550	570	3760
メイジドラキーE
1330	430	510	430	550	600	3850
サイレスD
1350	470	600	490	460	420	3790
シャドーサタンD
1320	430	530	470	540	580	3870
シルバーデビルD
1340	450	440	560	500	650	3940
ピサロのてさきD
1310	550	520	550	460	600	3990
ブチュチュンパD
1370	410	440	380	510	730	3840
ヘルビーストD
1360	350	600	640	410	450	3810
ボストロールD
1400	300	670	640	390	240	3640
ミニデーモンD
1300	490	480	470	550	680	3970
よろいのきしD
1360	350	520	600	470	530	3830
ランプのまじんD
1390	360	610	340	460	500	3660
アンクルホーンC
1390	330	540	490	420	600	3770
じごくのもんばんC
1320	390	590	480	560	450	3790
ずしおうまるC
1370	350	620	450	460	460	3710
タイムマスターC
1340	650	380	350	480	820	4020
デスペクテルC
1340	530	540	500	490	450	3850
てっきゅうまじんC
1430	310	590	620	400	270	3620
ドラキーマC
1260	530	520	500	570	650	4030
ネクロバルサC
1370	450	590	380	400	610	3800
ピサロナイトC
1350	360	580	650	420	490	3850
ブルーイーターC
1300	330	660	430	580	460	3760
レッドイーターC
1300	350	650	480	560	450	3790
アークデーモンB
1360	400	580	530	400	570	3840
アークマージB
1350	420	470	450	510	670	3870
あくましんかんB
1370	480	470	420	450	680	3870
おにこんぼうB
1370	280	700	630	430	250	3660
ギガンテスB
1400	270	630	630	430	280	3640
キラージャックB
1330	350	580	510	590	380	3740
セルゲイナスB
1240	380	470	640	630	720	4080
トロルボンバーB
1420	310	670	340	490	250	3480
ホラービーストB
1390	380	520	380	550	440	3660
ライオネックB
1340	470	520	390	520	600	3840
アトラスA
1440	290	550	640	430	250	3600
ギガデーモンA
1420	310	590	590	370	400	3680
ギュメイ将軍A
1280	380	710	360	580	460	3770
ゲルニック将軍A
1320	490	390	530	560	700	3990
ゴレオン将軍A
1400	280	660	550	410	330	3630
しにがみのきしA
1370	280	580	640	480	380	3730
スカイシーカーA
1340	700	360	310	520	770	4000
バズズA
1340	350	510	560	490	630	3880
バルザックA
1370	360	660	530	410	390	3720
ベリアルA
1350	400	520	550	430	650	3900
ヘルバトラーA
1400	380	600	360	420	520	3680
エビルプリーストS
1260	500	410	550	610	770	4100
邪神の子S
1240	600	680	330	510	630	3990
アニマルゾンビG
1380	500	620	400	470	300	3670
おばけキノコG
1340	420	580	550	500	410	3800
おばけキャンドルG
1360	390	510	600	480	490	3830
がいこつG
1410	280	610	510	420	410	3640
きりかぶおばけG
1360	460	580	590	460	330	3780
ゴーストG
1340	640	470	270	560	570	3850
スキッパーG
1320	380	560	630	530	430	3850
ドロルG
1330	420	530	500	590	420	3790
ホイップゴーストG
1420	430	440	530	460	460	3740
メラゴーストG
1390	520	350	550	470	630	3910
おばけヒトデF
1410	320	410	520	510	580	3750
くさった死体F
1420	310	620	480	400	390	3620
さまようよろいF
1330	360	580	690	470	430	3860
シャドーF
1270	440	480	470	670	610	3940
スカルライダーF
1390	430	520	330	470	600	3740
ふゆうじゅF
1440	430	580	340	390	430	3610
マドハンドF
1420	550	540	400	410	370	3690
ミイラおとこF
1380	420	580	560	450	340	3730
やみしばりF
1320	440	550	430	520	610	3870
わかめ王子F
1260	540	580	520	500	640	4040
きつねびE
1380	390	460	560	530	450	3770
しのどれいE
1380	320	600	410	530	390	3630
しりょうのきしE
1390	400	580	460	480	360	3670
じんめんじゅE
1320	430	530	520	480	650	3930
チョコホイップE
1350	540	490	350	510	610	3850
デスマエストロE
1320	480	460	520	510	680	3970
ベロベロE
1360	320	580	430	550	450	3690
ぼうれい剣士E
1350	370	600	350	560	460	3690
マタンゴE
1360	530	500	510	470	480	3850
マネマネE
1330	360	590	360	500	680	3820
メイデンドールE
1280	460	550	690	470	590	4040
エビルスピリッツD
1300	470	410	610	580	640	4010
がいこつけんしD
1410	310	660	310	500	320	3510
タタリ御前D
1250	520	630	620	420	660	4100
ナイトウォーカーD
1320	390	490	350	620	660	3830
なげきの亡霊D
1370	510	320	520	540	670	3930
ブラッドハンドD
1410	310	630	380	440	430	3600
ポイズンゾンビD
1440	330	590	400	430	370	3560
ボーンナイトD
1360	350	570	450	560	400	3690
ほねリーダーD
1280	520	520	440	570	640	3970
ポムポムボムD
1350	420	580	460	470	520	3800
メトロゴーストD
1360	340	520	360	540	640	3760
ウドラーC
1340	510	490	590	390	680	4000
サンダーシャウトC
1380	300	520	560	460	560	3780
しにがみC
1390	320	620	320	580	300	3530
ソイソルジャーC
1350	530	610	330	520	380	3720
ソードファントムC
1300	440	600	480	560	460	3840
デュラハーンC
1320	400	500	590	480	670	3960
どくろクラゲC
1360	620	550	270	430	610	3840
ドルマージュC
1320	550	470	350	530	720	3940
ナイトリッチC
1350	300	630	470	510	450	3710
ボーンプリズナーC
1420	300	600	470	420	410	3620
黄泉のほのおC
1400	400	420	590	530	410	3750
しにがみきぞくB
1340	390	530	530	510	540	3840
スカルゴンB
1410	280	640	480	440	340	3590
スモールグールB
1290	490	570	430	520	640	3940
ソードイドB
1350	340	630	430	560	350	3660
デュラハンナイトB
1320	330	580	620	530	450	3830
ドラゴンコープスB
1380	370	570	440	470	490	3720
フェイスボールB
1290	480	420	690	540	650	4070
キラーシャドーB
1280	560	580	430	500	630	3980
まおうのつかいB
1320	370	600	480	410	750	3930
メルトアB
1250	510	610	640	410	710	4130
ワイトキングB
1310	620	320	500	610	680	4040
ナイトキングA
1330	350	600	560	440	590	3870
ヘルクラッシャーA
1310	440	600	390	520	590	3850
ホエールロードA
1380	740	360	320	400	800	4000
まおうのかげA
1340	410	560	410	480	640	3840
バラモスゾンビS
1450	320	560	390	480	310	3510
カンダタC
1320	460	610	510	520	390	3810
バラモスA
1360	570	410	370	460	780	3950
リーズレットA
1280	560	490	450	510	770	4060
暗黒神ラプソーンS
1410	370	420	520	370	790	3880
オルゴデミーラS
1240	470	560	540	490	830	4130
ゲマS
1350	590	470	380	390	810	3990
シドーS
1300	470	560	500	410	790	4030
邪神ニズゼルファS
1290	330	740	550	380	620	3910
守護者ラズバーンS
1260	290	690	570	510	600	3920
大魔王ウルノーガS
1330	380	720	420	420	500	3770
堕天使エルギオスS
1330	340	680	470	390	630	3840
デスタムーアS
1230	500	580	500	530	760	4100
デスピサロS
1320	300	640	590	510	430	3790
ドルマゲスS
1300	450	550	530	470	680	3980
ハーゴンS
1370	490	440	480	440	690	3910
ぴぴぼうS
1330	460	540	310	520	690	3850
魔軍司令ホメロスS
1330	470	510	530	460	640	3940
ミルドラースS
1330	350	580	510	460	640	3870
ムドーS
1350	410	470	460	510	670	3870
冥獣王ネルゲルS
1260	280	680	570	510	630	3930
わたぼうS
1360	550	530	370	540	400	3750
ワルぼうS
1310	590	490	330	560	640	3920
エスタークX
1400	290	520	480	470	550	3710
神さまX
1330	470	520	470	470	660	3920
ゾーマX
1270	520	500	600	470	760	4120
ダークドレアムX
1340	290	740	370	480	440	3660
ラーミアX
1380	310	490	300	590	610	3680
バーガースライムG
1340	390	570	510	490	520	3820
フルーリーサタンE
1300	290	570	520	540	670	3890
バーガーミミックD
1310	360	610	590	520	450	3840